Solucao
Valor objetivo = 3.000000

X8=1.000000
X11=1.000000
X19=1.000000
X21=1.000000
X22=1.000000
X31=1.000000
X32=1.000000
X35=1.000000
X36=1.000000
