Solucao
Valor objetivo = 3.000000

X8=1.000000
X13=1.000000
X15=1.000000
X22=1.000000
X29=1.000000
X36=1.000000
