Solucao
Valor objetivo = 1.000000

X1=1.000000
X2=1.000000
X5=1.000000
X6=1.000000
X9=1.000000
X10=1.000000
